35
10
45
0
0
3
0
10
90
50
15
20
10
10
73
10
0
30
0
0
23
0
10
40
50
0
30
0
33
100
100
10
4
23
0
78
0
45
100
0
28
0
0
0
0
80
80
0
0
100
0
10
18
0
0
0
0
0
0
26
0
15
15
15
15
35
15
0
16
16
16
16
16
16
40
16
16
80
16
16
0
20
0
12
0
3
0
0
0
0
13
70
0
0
12
0
33
70
0
96
0
0
90
100
13
0
0
98
89
100
0
0
0
12
0
100
0
0
0
0
84
12
12
0
12
13
14
15
16
17
20
45
24
22
0
24
25
0
26
0
20
21
22
23
0
12
13
14
15
16
80
10
60
100
15
16
0
0
0
0
0
0
0
0
19
0
0
0
0
22
0
0
0
0
0
22
23
30
24
25
20
22
0
0
40
73
87
24
20
0
0
0
0
53
0
40
0
199
24
22
23
